    1  1.000000000000  0.000000000000
    2  0.997589488449 -0.000320096246
    3  0.990380884622 -0.001270150810
    4  0.978442796547 -0.002820159457
    5  0.961888952325 -0.004922341528
    6  0.940877260411 -0.007514141942
    7  0.915608474854 -0.010521816083
    8  0.886324455290 -0.013864103934
    9  0.853306018258 -0.017455513432
   10  0.816870386089 -0.021208826722
   11  0.777368249930 -0.025036601567
   12  0.735180472201 -0.028851637813
   13  0.690714459639 -0.032566582590
   14  0.644400240867 -0.036093023331
   15  0.596686283436 -0.039340534241
   16  0.548035086353 -0.042216177786
   17  0.498918587193 -0.044624909038
   18  0.449813429075 -0.046471192634
   19  0.401196141850 -0.047661938652
   20  0.353538302101 -0.048110625255
   21  0.307301745392 -0.047742239367
   22  0.262933908710 -0.046498470169
   23  0.220863379129 -0.044342467084
   24  0.181495715655 -0.041262447657
   25  0.145209596105 -0.037273520844
   26  0.112698521792 -0.032463056051
   27  0.085622428923 -0.027578124380
   28  0.063105826757 -0.023268255162
   29  0.044135115248 -0.019528592942
   30  0.028158894780 -0.015994740785
   31  0.015172683205 -0.012056949755
   32  0.005583364019 -0.006961428500
   33  0.000000000000  0.000000000000
   34 -0.000768090691  0.008925256575
   35  0.004042036392  0.019440250446
   36  0.014900769488  0.030944145364
   37  0.031985352240  0.042353488102
   38  0.054972908894  0.052387369813
   39  0.082907958775  0.060051314528
   40  0.114291024845  0.065148420190
   41  0.147683622709  0.068494962063
   42  0.184111000181  0.070784549975
   43  0.223566387851  0.072028831985
   44  0.265669354464  0.072237174195
   45  0.310014822243  0.071448807049
   46  0.356177020644  0.069730425459
   47  0.403713536134  0.067171791061
   48  0.452169430596  0.063880007318
   49  0.501081412807  0.059973236466
   50  0.549982053976  0.055574615399
   51  0.598404038580  0.050807013433
   52  0.645884436387  0.045789081093
   53  0.691968972726  0.040632798493
   54  0.736216264625  0.035442482851
   55  0.778201983090  0.030314994879
   56  0.817522898074  0.025340724711
   57  0.853800762929  0.020604860369
   58  0.886685998073  0.016188452803
   59  0.915861137448  0.012168884064
   60  0.941044003937  0.008619499680
   61  0.961990580187  0.005608353851
   62  0.978497539185  0.003196203623
   63  0.990404395781  0.001434043770
   64  0.997595238224  0.000360572113
   65  1.000000000000 -0.000000000000
