    1  1.000000000000  0.000000000000
    2  0.961888952325 -0.004922341528
    3  0.853306018258 -0.017455513432
    4  0.690714459639 -0.032566582590
    5  0.498918587193 -0.044624909038
    6  0.307301745392 -0.047742239367
    7  0.145209596105 -0.037273520844
    8  0.044135115248 -0.019528592942
    9  0.000000000000  0.000000000000
   10  0.031985352240  0.042353488102
   11  0.147683622709  0.068494962063
   12  0.310014822243  0.071448807049
   13  0.501081412807  0.059973236466
   14  0.691968972726  0.040632798493
   15  0.853800762929  0.020604860369
   16  0.961990580187  0.005608353851
   17  1.000000000000 -0.000000000000
