    1  1.000000000000  0.000000000000
    2  0.999397013459 -0.000080185366
    3  0.997589488449 -0.000320096246
    4  0.994581725937 -0.000717808201
    5  0.990380884622 -0.001270150810
    6  0.984996966497 -0.001972761710
    7  0.978442796547 -0.002820159457
    8  0.970733996470 -0.003805832571
    9  0.961888952325 -0.004922341528
   10  0.951928776001 -0.006161430078
   11  0.940877260411 -0.007514141942
   12  0.928760828335 -0.008970938874
   13  0.915608474854 -0.010521816083
   14  0.901451703381 -0.012156411278
   15  0.886324455290 -0.013864103934
   16  0.870263033235 -0.015634101942
   17  0.853306018258 -0.017455513432
   18  0.835494180840 -0.019317402290
   19  0.816870386089 -0.021208826722
   20  0.797479493270 -0.023118861023
   21  0.777368249930 -0.025036601567
   22  0.756585180865 -0.026951158810
   23  0.735180472201 -0.028851637813
   24  0.713205850852 -0.030727110404
   25  0.690714459639 -0.032566582590
   26  0.667760728325 -0.034358961130
   27  0.644400240867 -0.036093023331
   28  0.620689599139 -0.037757394127
   29  0.596686283436 -0.039340534241
   30  0.572448510067 -0.040830742874
   31  0.548035086353 -0.042216177786
   32  0.523505263425 -0.043484894938
   33  0.498918587193 -0.044624909038
   34  0.474334747946 -0.045624275405
   35  0.449813429075 -0.046471192634
   36  0.425414155422 -0.047154124501
   37  0.401196141850 -0.047661938652
   38  0.377218142605 -0.047984058658
   39  0.353538302101 -0.048110625255
   40  0.330214007741 -0.048032661914
   41  0.307301745392 -0.047742239367
   42  0.284856958119 -0.047232633404
   43  0.262933908710 -0.046498470169
   44  0.241585546531 -0.045535853231
   45  0.220863379129 -0.044342467084
   46  0.200817348978 -0.042917652219
   47  0.181495715655 -0.041262447657
   48  0.162944943671 -0.039379597713
   49  0.145209596105 -0.037273520844
   50  0.128332533293 -0.034950247463
   51  0.112698521792 -0.032463056051
   52  0.098515441352 -0.029969319978
   53  0.085622428923 -0.027578124380
   54  0.073865839883 -0.025340797257
   55  0.063105826757 -0.023268255162
   56  0.053224723591 -0.021343409292
   57  0.044135115248 -0.019528592942
   58  0.035785060362 -0.017769084091
   59  0.028158894780 -0.015994740785
   60  0.021273674668 -0.014121898928
   61  0.015172683205 -0.012056949755
   62  0.009917941496 -0.009701912628
   63  0.005583364019 -0.006961428500
   64  0.002249489000 -0.003750205511
   65  0.000000000000  0.000000000000
   66 -0.001044945205  0.004248750554
   67 -0.000768090691  0.008925256575
   68  0.000905548539  0.014008414329
   69  0.004042036392  0.019440250446
   70  0.008695072138  0.025127240553
   71  0.014900769488  0.030944145364
   72  0.022670874455  0.036740952993
   73  0.031985352240  0.042353488102
   74  0.042785983285  0.047617784588
   75  0.054972908894  0.052387369813
   76  0.068405550117  0.056551461438
   77  0.082907958775  0.060051314528
   78  0.098277027167  0.062892072645
   79  0.114291024845  0.065148420190
   80  0.130716341352  0.066963461510
   81  0.147683622709  0.068494962063
   82  0.165496101482  0.069769821781
   83  0.184111000181  0.070784549975
   84  0.203483346529  0.071537480832
   85  0.223566387851  0.072028831985
   86  0.244311709276  0.072260726651
   87  0.265669354464  0.072237174195
   88  0.287587948451  0.071964011303
   89  0.310014822243  0.071448807049
   90  0.332896138867  0.070700736144
   91  0.356177020644  0.069730425459
   92  0.379801677492  0.068549779520
   93  0.403713536134  0.067171791061
   94  0.427855370123  0.065610342898
   95  0.452169430596  0.063880007318
   96  0.476597577727  0.061995848938
   97  0.501081412807  0.059973236466
   98  0.525562410902  0.057827668218
   99  0.549982053976  0.055574615399
  100  0.574281964389  0.053229386280
  101  0.598404038580  0.050807013433
  102  0.622290580765  0.048322165136
  103  0.645884436387  0.045789081093
  104  0.669129125067  0.043221531609
  105  0.691968972726  0.040632798493
  106  0.714349242578  0.038035675171
  107  0.736216264625  0.035442482851
  108  0.757517563328  0.032865099099
  109  0.778201983090  0.030314994879
  110  0.798219811222  0.027803275967
  111  0.817522898074  0.025340724711
  112  0.836064774007  0.022937838340
  113  0.853800762929  0.020604860369
  114  0.870688092120  0.018351802228
  115  0.886685998073  0.016188452803
  116  0.901755828099  0.014124374364
  117  0.915861137448  0.012168884064
  118  0.928967781666  0.010331021014
  119  0.941044003937  0.008619499680
  120  0.952060517123  0.007042651075
  121  0.961990580187  0.005608353851
  122  0.970810068713  0.004323957920
  123  0.978497539185  0.003196203623
  124  0.985034286698  0.002231139750
  125  0.990404395781  0.001434043770
  126  0.994594784028  0.000809347612
  127  0.997595238224  0.000360572113
  128  0.999398442746  0.000090272900
  129  1.000000000000 -0.000000000000
