    1  1.000000000000  0.000000000000
    2  0.999962350920 -0.000005329857
    3  0.999849409348 -0.000021317148
    4  0.999661192294 -0.000047955035
    5  0.999397728103 -0.000085232129
    6  0.999059056450 -0.000133132502
    7  0.998645228339 -0.000191635704
    8  0.998156306091 -0.000260716785
    9  0.997592363336 -0.000340346322
   10  0.996953485001 -0.000430490447
   11  0.996239767299 -0.000531110887
   12  0.995451317714 -0.000642165000
   13  0.994588254982 -0.000763605820
   14  0.993650709079 -0.000895382107
   15  0.992638821194 -0.001037438400
   16  0.991552743716 -0.001189715073
   17  0.990392640202 -0.001352148393
   18  0.989158685360 -0.001524670588
   19  0.987851065019 -0.001707209915
   20  0.986469976103 -0.001899690728
   21  0.985015626597 -0.002102033556
   22  0.983488235522 -0.002314155177
   23  0.981888032898 -0.002535968702
   24  0.980215259708 -0.002767383655
   25  0.978470167866 -0.003008306063
   26  0.976653020177 -0.003258638536
   27  0.974764090297 -0.003518280367
   28  0.972803662690 -0.003787127613
   29  0.970772032592 -0.004065073198
   30  0.968669505956 -0.004352007000
   31  0.966496399417 -0.004647815951
   32  0.964253040237 -0.004952384134
   33  0.961939766256 -0.005265592877
   34  0.959556925845 -0.005587320855
   35  0.957104877852 -0.005917444185
   36  0.954583991545 -0.006255836525
   37  0.951994646562 -0.006602369173
   38  0.949337232847 -0.006956911165
   39  0.946612150598 -0.007319329369
   40  0.943819810201 -0.007689488582
   41  0.940960632174 -0.008067251629
   42  0.938035047098 -0.008452479450
   43  0.935043495554 -0.008845031196
   44  0.931986428061 -0.009244764319
   45  0.928864305000 -0.009651534660
   46  0.925677596553 -0.010065196535
   47  0.922426782625 -0.010485602821
   48  0.919112352777 -0.010912605032
   49  0.915734806151 -0.011346053406
   50  0.912294651393 -0.011785796975
   51  0.908792406576 -0.012231683641
   52  0.905228599126 -0.012683560245
   53  0.901603765740 -0.013141272634
   54  0.897918452304 -0.013604665728
   55  0.894173213813 -0.014073583573
   56  0.890368614286 -0.014547869406
   57  0.886505226681 -0.015027365701
   58  0.882583632811 -0.015511914223
   59  0.878604423253 -0.016001356072
   60  0.874568197262 -0.016495531726
   61  0.870475562677 -0.016994281077
   62  0.866327135836 -0.017497443466
   63  0.862123541476 -0.018004857714
   64  0.857865412642 -0.018516362147
   65  0.853553390593 -0.019031794622
   66  0.849188124704 -0.019550992541
   67  0.844770272369 -0.020073792867
   68  0.840300498898 -0.020600032140
   69  0.835779477424 -0.021129546477
   70  0.831207888795 -0.021662171580
   71  0.826586421477 -0.022197742737
   72  0.821915771445 -0.022736094817
   73  0.817196642082 -0.023277062264
   74  0.812429744071 -0.023820479086
   75  0.807615795290 -0.024366178844
   76  0.802755520702 -0.024913994637
   77  0.797849652246 -0.025463759082
   78  0.792898928728 -0.026015304290
   79  0.787904095709 -0.026568461848
   80  0.782865905392 -0.027123062790
   81  0.777785116510 -0.027678937571
   82  0.772662494211 -0.028235916031
   83  0.767498809944 -0.028793827374
   84  0.762294841339 -0.029352500124
   85  0.757051372097 -0.029911762099
   86  0.751769191863 -0.030471440371
   87  0.746449096115 -0.031031361233
   88  0.741091886040 -0.031591350160
   89  0.735698368413 -0.032151231772
   90  0.730269355479 -0.032710829801
   91  0.724805664827 -0.033269967049
   92  0.719308119269 -0.033828465354
   93  0.713777546715 -0.034386145555
   94  0.708214780049 -0.034942827458
   95  0.702620657002 -0.035498329797
   96  0.696996020031 -0.036052470210
   97  0.691341716183 -0.036605065203
   98  0.685658596976 -0.037155930122
   99  0.679947518267 -0.037704879129
  100  0.674209340125 -0.038251725177
  101  0.668444926696 -0.038796279987
  102  0.662655146081 -0.039338354033
  103  0.656840870199 -0.039877756524
  104  0.651002974660 -0.040414295394
  105  0.645142338627 -0.040947777294
  106  0.639259844693 -0.041478007583
  107  0.633356378737 -0.042004790335
  108  0.627432829802 -0.042527928336
  109  0.621490089952 -0.043047223096
  110  0.615529054140 -0.043562474858
  111  0.609550620078 -0.044073482619
  112  0.603555688096 -0.044580044149
  113  0.597545161008 -0.045081956020
  114  0.591519943978 -0.045579013636
  115  0.585480944380 -0.046071011273
  116  0.579429071667 -0.046557742117
  117  0.573365237228 -0.047038998318
  118  0.567290354254 -0.047514571038
  119  0.561205337600 -0.047984250513
  120  0.555111103647 -0.048447826116
  121  0.549008570165 -0.048905086429
  122  0.542898656172 -0.049355819316
  123  0.536782281800 -0.049799812008
  124  0.530660368151 -0.050236851186
  125  0.524533837164 -0.050666723076
  126  0.518403611471 -0.051089213548
  127  0.512270614261 -0.051504108217
  128  0.506135769143 -0.051911192555
  129  0.500000000000 -0.052310252001
  130  0.493864230857 -0.052701072086
  131  0.487729385739 -0.053083438554
  132  0.481596388529 -0.053457137493
  133  0.475466162836 -0.053821955469
  134  0.469339631849 -0.054177679667
  135  0.463217718200 -0.054524098028
  136  0.457101343828 -0.054860999408
  137  0.450991429835 -0.055188173719
  138  0.444888896353 -0.055505412092
  139  0.438794662400 -0.055812507031
  140  0.432709645746 -0.056109252581
  141  0.426634762772 -0.056395444490
  142  0.420570928333 -0.056670880378
  143  0.414519055620 -0.056935359911
  144  0.408480056022 -0.057188684970
  145  0.402454838992 -0.057430659830
  146  0.396444311904 -0.057661091335
  147  0.390449379922 -0.057879789078
  148  0.384470945860 -0.058086565577
  149  0.378509910048 -0.058281236459
  150  0.372567170198 -0.058463620638
  151  0.366643621263 -0.058633540494
  152  0.360740155307 -0.058790822055
  153  0.354857661373 -0.058935295174
  154  0.348997025340 -0.059066793708
  155  0.343159129801 -0.059185155694
  156  0.337344853919 -0.059290223524
  157  0.331555073304 -0.059381844115
  158  0.325790659875 -0.059459869079
  159  0.320052481733 -0.059524154893
  160  0.314341403024 -0.059574563058
  161  0.308658283817 -0.059610960258
  162  0.303003979969 -0.059633218520
  163  0.297379342998 -0.059641215361
  164  0.291785219951 -0.059634833932
  165  0.286222453285 -0.059613963166
  166  0.280691880731 -0.059578497907
  167  0.275194335173 -0.059528339039
  168  0.269730644521 -0.059463393617
  169  0.264301631587 -0.059383574972
  170  0.258908113960 -0.059288802833
  171  0.253550903885 -0.059179003421
  172  0.248230808137 -0.059054109548
  173  0.242948627903 -0.058914060705
  174  0.237705158661 -0.058758803141
  175  0.232501190056 -0.058588289933
  176  0.227337505789 -0.058402481053
  177  0.222214883490 -0.058201343419
  178  0.217134094608 -0.057984850942
  179  0.212095904291 -0.057752984563
  180  0.207101071272 -0.057505732277
  181  0.202150347754 -0.057243089157
  182  0.197244479298 -0.056965057356
  183  0.192384204710 -0.056671646109
  184  0.187570255929 -0.056362871723
  185  0.182803357918 -0.056038757551
  186  0.178084228555 -0.055699333967
  187  0.173413578523 -0.055344638321
  188  0.168792111205 -0.054974714890
  189  0.164220522576 -0.054589614814
  190  0.159699501102 -0.054189396031
  191  0.155229727631 -0.053774123190
  192  0.150811875296 -0.053343867562
  193  0.146446609407 -0.052898706941
  194  0.142134587358 -0.052438725530
  195  0.137876458524 -0.051964013825
  196  0.133672864164 -0.051474668479
  197  0.129524437323 -0.050970792170
  198  0.125431802738 -0.050452493445
  199  0.121395576747 -0.049919886571
  200  0.117416367189 -0.049373091359
  201  0.113494773319 -0.048812232995
  202  0.109631385714 -0.048237441857
  203  0.105826786187 -0.047648853320
  204  0.102081547696 -0.047046607559
  205  0.098396234260 -0.046430849338
  206  0.094771400874 -0.045801727804
  207  0.091207593424 -0.045159396257
  208  0.087705348607 -0.044504011927
  209  0.084265193849 -0.043835735740
  210  0.080887647223 -0.043154732076
  211  0.077573217375 -0.042461168526
  212  0.074322403447 -0.041755215640
  213  0.071135695000 -0.041037046673
  214  0.068013571939 -0.040306837327
  215  0.064956504446 -0.039564765485
  216  0.061964952902 -0.038811010948
  217  0.059039367826 -0.038045755162
  218  0.056180189799 -0.037269180950
  219  0.053387849402 -0.036481472237
  220  0.050662767153 -0.035682813773
  221  0.048005353438 -0.034873390861
  222  0.045416008455 -0.034053389075
  223  0.042895122148 -0.033222993987
  224  0.040443074155 -0.032382390891
  225  0.038060233744 -0.031531764522
  226  0.035746959763 -0.030671298789
  227  0.033503600583 -0.029801176499
  228  0.031330494044 -0.028921579085
  229  0.029227967408 -0.028032686345
  230  0.027196337310 -0.027134676172
  231  0.025235909703 -0.026227724297
  232  0.023346979823 -0.025312004034
  233  0.021529832134 -0.024387686028
  234  0.019784740292 -0.023454938007
  235  0.018111967102 -0.022513924546
  236  0.016511764478 -0.021564806829
  237  0.014984373403 -0.020607742426
  238  0.013530023897 -0.019642885066
  239  0.012148934981 -0.018670384429
  240  0.010841314640 -0.017690385936
  241  0.009607359798 -0.016703030556
  242  0.008447256284 -0.015708454611
  243  0.007361178806 -0.014706789600
  244  0.006349290921 -0.013698162028
  245  0.005411745018 -0.012682693239
  246  0.004548682286 -0.011660499268
  247  0.003760232701 -0.010631690699
  248  0.003046514999 -0.009596372530
  249  0.002407636664 -0.008554644054
  250  0.001843693909 -0.007506598748
  251  0.001354771661 -0.006452324172
  252  0.000940943550 -0.005391901880
  253  0.000602271897 -0.004325407346
  254  0.000338807706 -0.003252909896
  255  0.000150590652 -0.002174472649
  256  0.000037649080 -0.001090152484
  257  0.000000000000  0.000000000000
  258  0.000037649080  0.001090152484
  259  0.000150590652  0.002174472649
  260  0.000338807706  0.003252909896
  261  0.000602271897  0.004325407346
  262  0.000940943550  0.005391901880
  263  0.001354771661  0.006452324172
  264  0.001843693909  0.007506598748
  265  0.002407636664  0.008554644054
  266  0.003046514999  0.009596372530
  267  0.003760232701  0.010631690699
  268  0.004548682286  0.011660499268
  269  0.005411745018  0.012682693239
  270  0.006349290921  0.013698162028
  271  0.007361178806  0.014706789600
  272  0.008447256284  0.015708454611
  273  0.009607359798  0.016703030556
  274  0.010841314640  0.017690385936
  275  0.012148934981  0.018670384429
  276  0.013530023897  0.019642885066
  277  0.014984373403  0.020607742426
  278  0.016511764478  0.021564806829
  279  0.018111967102  0.022513924546
  280  0.019784740292  0.023454938007
  281  0.021529832134  0.024387686028
  282  0.023346979823  0.025312004034
  283  0.025235909703  0.026227724297
  284  0.027196337310  0.027134676172
  285  0.029227967408  0.028032686345
  286  0.031330494044  0.028921579085
  287  0.033503600583  0.029801176499
  288  0.035746959763  0.030671298789
  289  0.038060233744  0.031531764522
  290  0.040443074155  0.032382390891
  291  0.042895122148  0.033222993987
  292  0.045416008455  0.034053389075
  293  0.048005353438  0.034873390861
  294  0.050662767153  0.035682813773
  295  0.053387849402  0.036481472237
  296  0.056180189799  0.037269180950
  297  0.059039367826  0.038045755162
  298  0.061964952902  0.038811010948
  299  0.064956504446  0.039564765485
  300  0.068013571939  0.040306837327
  301  0.071135695000  0.041037046673
  302  0.074322403447  0.041755215640
  303  0.077573217375  0.042461168526
  304  0.080887647223  0.043154732076
  305  0.084265193849  0.043835735740
  306  0.087705348607  0.044504011927
  307  0.091207593424  0.045159396257
  308  0.094771400874  0.045801727804
  309  0.098396234260  0.046430849338
  310  0.102081547696  0.047046607559
  311  0.105826786187  0.047648853320
  312  0.109631385714  0.048237441857
  313  0.113494773319  0.048812232995
  314  0.117416367189  0.049373091359
  315  0.121395576747  0.049919886571
  316  0.125431802738  0.050452493445
  317  0.129524437323  0.050970792170
  318  0.133672864164  0.051474668479
  319  0.137876458524  0.051964013825
  320  0.142134587358  0.052438725530
  321  0.146446609407  0.052898706941
  322  0.150811875296  0.053343867562
  323  0.155229727631  0.053774123190
  324  0.159699501102  0.054189396031
  325  0.164220522576  0.054589614814
  326  0.168792111205  0.054974714890
  327  0.173413578523  0.055344638321
  328  0.178084228555  0.055699333967
  329  0.182803357918  0.056038757551
  330  0.187570255929  0.056362871723
  331  0.192384204710  0.056671646109
  332  0.197244479298  0.056965057356
  333  0.202150347754  0.057243089157
  334  0.207101071272  0.057505732277
  335  0.212095904291  0.057752984563
  336  0.217134094608  0.057984850942
  337  0.222214883490  0.058201343419
  338  0.227337505789  0.058402481053
  339  0.232501190056  0.058588289933
  340  0.237705158661  0.058758803141
  341  0.242948627903  0.058914060705
  342  0.248230808137  0.059054109548
  343  0.253550903885  0.059179003421
  344  0.258908113960  0.059288802833
  345  0.264301631587  0.059383574972
  346  0.269730644521  0.059463393617
  347  0.275194335173  0.059528339039
  348  0.280691880731  0.059578497907
  349  0.286222453285  0.059613963166
  350  0.291785219951  0.059634833932
  351  0.297379342998  0.059641215361
  352  0.303003979969  0.059633218520
  353  0.308658283817  0.059610960258
  354  0.314341403024  0.059574563058
  355  0.320052481733  0.059524154893
  356  0.325790659875  0.059459869079
  357  0.331555073304  0.059381844115
  358  0.337344853919  0.059290223524
  359  0.343159129801  0.059185155694
  360  0.348997025340  0.059066793708
  361  0.354857661373  0.058935295174
  362  0.360740155307  0.058790822055
  363  0.366643621263  0.058633540494
  364  0.372567170198  0.058463620638
  365  0.378509910048  0.058281236459
  366  0.384470945860  0.058086565577
  367  0.390449379922  0.057879789078
  368  0.396444311904  0.057661091335
  369  0.402454838992  0.057430659830
  370  0.408480056022  0.057188684970
  371  0.414519055620  0.056935359911
  372  0.420570928333  0.056670880378
  373  0.426634762772  0.056395444490
  374  0.432709645746  0.056109252581
  375  0.438794662400  0.055812507031
  376  0.444888896353  0.055505412092
  377  0.450991429835  0.055188173719
  378  0.457101343828  0.054860999408
  379  0.463217718200  0.054524098028
  380  0.469339631849  0.054177679667
  381  0.475466162836  0.053821955469
  382  0.481596388529  0.053457137493
  383  0.487729385739  0.053083438554
  384  0.493864230857  0.052701072086
  385  0.500000000000  0.052310252001
  386  0.506135769143  0.051911192555
  387  0.512270614261  0.051504108217
  388  0.518403611471  0.051089213548
  389  0.524533837164  0.050666723076
  390  0.530660368151  0.050236851186
  391  0.536782281800  0.049799812008
  392  0.542898656172  0.049355819316
  393  0.549008570165  0.048905086429
  394  0.555111103647  0.048447826116
  395  0.561205337600  0.047984250513
  396  0.567290354254  0.047514571038
  397  0.573365237228  0.047038998318
  398  0.579429071667  0.046557742117
  399  0.585480944380  0.046071011273
  400  0.591519943978  0.045579013636
  401  0.597545161008  0.045081956020
  402  0.603555688096  0.044580044149
  403  0.609550620078  0.044073482619
  404  0.615529054140  0.043562474858
  405  0.621490089952  0.043047223096
  406  0.627432829802  0.042527928336
  407  0.633356378737  0.042004790335
  408  0.639259844693  0.041478007583
  409  0.645142338627  0.040947777294
  410  0.651002974660  0.040414295394
  411  0.656840870199  0.039877756524
  412  0.662655146081  0.039338354033
  413  0.668444926696  0.038796279987
  414  0.674209340125  0.038251725177
  415  0.679947518267  0.037704879129
  416  0.685658596976  0.037155930122
  417  0.691341716183  0.036605065203
  418  0.696996020031  0.036052470210
  419  0.702620657002  0.035498329797
  420  0.708214780049  0.034942827458
  421  0.713777546715  0.034386145555
  422  0.719308119269  0.033828465354
  423  0.724805664827  0.033269967049
  424  0.730269355479  0.032710829801
  425  0.735698368413  0.032151231772
  426  0.741091886040  0.031591350160
  427  0.746449096115  0.031031361233
  428  0.751769191863  0.030471440371
  429  0.757051372097  0.029911762099
  430  0.762294841339  0.029352500124
  431  0.767498809944  0.028793827374
  432  0.772662494211  0.028235916031
  433  0.777785116510  0.027678937571
  434  0.782865905392  0.027123062790
  435  0.787904095709  0.026568461848
  436  0.792898928728  0.026015304290
  437  0.797849652246  0.025463759082
  438  0.802755520702  0.024913994637
  439  0.807615795290  0.024366178844
  440  0.812429744071  0.023820479086
  441  0.817196642082  0.023277062264
  442  0.821915771445  0.022736094817
  443  0.826586421477  0.022197742737
  444  0.831207888795  0.021662171580
  445  0.835779477424  0.021129546477
  446  0.840300498898  0.020600032140
  447  0.844770272369  0.020073792867
  448  0.849188124704  0.019550992541
  449  0.853553390593  0.019031794622
  450  0.857865412642  0.018516362147
  451  0.862123541476  0.018004857714
  452  0.866327135836  0.017497443466
  453  0.870475562677  0.016994281077
  454  0.874568197262  0.016495531726
  455  0.878604423253  0.016001356072
  456  0.882583632811  0.015511914223
  457  0.886505226681  0.015027365701
  458  0.890368614286  0.014547869406
  459  0.894173213813  0.014073583573
  460  0.897918452304  0.013604665728
  461  0.901603765740  0.013141272634
  462  0.905228599126  0.012683560245
  463  0.908792406576  0.012231683641
  464  0.912294651393  0.011785796975
  465  0.915734806151  0.011346053406
  466  0.919112352777  0.010912605032
  467  0.922426782625  0.010485602821
  468  0.925677596553  0.010065196535
  469  0.928864305000  0.009651534660
  470  0.931986428061  0.009244764319
  471  0.935043495554  0.008845031196
  472  0.938035047098  0.008452479450
  473  0.940960632174  0.008067251629
  474  0.943819810201  0.007689488582
  475  0.946612150598  0.007319329369
  476  0.949337232847  0.006956911165
  477  0.951994646562  0.006602369173
  478  0.954583991545  0.006255836525
  479  0.957104877852  0.005917444185
  480  0.959556925845  0.005587320855
  481  0.961939766256  0.005265592877
  482  0.964253040237  0.004952384134
  483  0.966496399417  0.004647815951
  484  0.968669505956  0.004352007000
  485  0.970772032592  0.004065073198
  486  0.972803662690  0.003787127613
  487  0.974764090297  0.003518280367
  488  0.976653020177  0.003258638536
  489  0.978470167866  0.003008306063
  490  0.980215259708  0.002767383655
  491  0.981888032898  0.002535968702
  492  0.983488235522  0.002314155177
  493  0.985015626597  0.002102033556
  494  0.986469976103  0.001899690728
  495  0.987851065019  0.001707209915
  496  0.989158685360  0.001524670588
  497  0.990392640202  0.001352148393
  498  0.991552743716  0.001189715073
  499  0.992638821194  0.001037438400
  500  0.993650709079  0.000895382107
  501  0.994588254982  0.000763605820
  502  0.995451317714  0.000642165000
  503  0.996239767299  0.000531110887
  504  0.996953485001  0.000430490447
  505  0.997592363336  0.000340346322
  506  0.998156306091  0.000260716785
  507  0.998645228339  0.000191635704
  508  0.999059056450  0.000133132502
  509  0.999397728103  0.000085232129
  510  0.999661192294  0.000047955035
  511  0.999849409348  0.000021317148
  512  0.999962350920  0.000005329857
  513  1.000000000000 -0.000000000000
