    1  1.000000000000  0.000000000000
    2  0.999397728103 -0.000085232129
    3  0.997592363336 -0.000340346322
    4  0.994588254982 -0.000763605820
    5  0.990392640202 -0.001352148393
    6  0.985015626597 -0.002102033556
    7  0.978470167866 -0.003008306063
    8  0.970772032592 -0.004065073198
    9  0.961939766256 -0.005265592877
   10  0.951994646562 -0.006602369173
   11  0.940960632174 -0.008067251629
   12  0.928864305000 -0.009651534660
   13  0.915734806151 -0.011346053406
   14  0.901603765740 -0.013141272634
   15  0.886505226681 -0.015027365701
   16  0.870475562677 -0.016994281077
   17  0.853553390593 -0.019031794622
   18  0.835779477424 -0.021129546477
   19  0.817196642082 -0.023277062264
   20  0.797849652246 -0.025463759082
   21  0.777785116510 -0.027678937571
   22  0.757051372097 -0.029911762099
   23  0.735698368413 -0.032151231772
   24  0.713777546715 -0.034386145555
   25  0.691341716183 -0.036605065203
   26  0.668444926696 -0.038796279987
   27  0.645142338627 -0.040947777294
   28  0.621490089952 -0.043047223096
   29  0.597545161008 -0.045081956020
   30  0.573365237228 -0.047038998318
   31  0.549008570165 -0.048905086429
   32  0.524533837164 -0.050666723076
   33  0.500000000000 -0.052310252001
   34  0.475466162836 -0.053821955469
   35  0.450991429835 -0.055188173719
   36  0.426634762772 -0.056395444490
   37  0.402454838992 -0.057430659830
   38  0.378509910048 -0.058281236459
   39  0.354857661373 -0.058935295174
   40  0.331555073304 -0.059381844115
   41  0.308658283817 -0.059610960258
   42  0.286222453285 -0.059613963166
   43  0.264301631587 -0.059383574972
   44  0.242948627903 -0.058914060705
   45  0.222214883490 -0.058201343419
   46  0.202150347754 -0.057243089157
   47  0.182803357918 -0.056038757551
   48  0.164220522576 -0.054589614814
   49  0.146446609407 -0.052898706941
   50  0.129524437323 -0.050970792170
   51  0.113494773319 -0.048812232995
   52  0.098396234260 -0.046430849338
   53  0.084265193849 -0.043835735740
   54  0.071135695000 -0.041037046673
   55  0.059039367826 -0.038045755162
   56  0.048005353438 -0.034873390861
   57  0.038060233744 -0.031531764522
   58  0.029227967408 -0.028032686345
   59  0.021529832134 -0.024387686028
   60  0.014984373403 -0.020607742426
   61  0.009607359798 -0.016703030556
   62  0.005411745018 -0.012682693239
   63  0.002407636664 -0.008554644054
   64  0.000602271897 -0.004325407346
   65  0.000000000000  0.000000000000
   66  0.000602271897  0.004325407346
   67  0.002407636664  0.008554644054
   68  0.005411745018  0.012682693239
   69  0.009607359798  0.016703030556
   70  0.014984373403  0.020607742426
   71  0.021529832134  0.024387686028
   72  0.029227967408  0.028032686345
   73  0.038060233744  0.031531764522
   74  0.048005353438  0.034873390861
   75  0.059039367826  0.038045755162
   76  0.071135695000  0.041037046673
   77  0.084265193849  0.043835735740
   78  0.098396234260  0.046430849338
   79  0.113494773319  0.048812232995
   80  0.129524437323  0.050970792170
   81  0.146446609407  0.052898706941
   82  0.164220522576  0.054589614814
   83  0.182803357918  0.056038757551
   84  0.202150347754  0.057243089157
   85  0.222214883490  0.058201343419
   86  0.242948627903  0.058914060705
   87  0.264301631587  0.059383574972
   88  0.286222453285  0.059613963166
   89  0.308658283817  0.059610960258
   90  0.331555073304  0.059381844115
   91  0.354857661373  0.058935295174
   92  0.378509910048  0.058281236459
   93  0.402454838992  0.057430659830
   94  0.426634762772  0.056395444490
   95  0.450991429835  0.055188173719
   96  0.475466162836  0.053821955469
   97  0.500000000000  0.052310252001
   98  0.524533837164  0.050666723076
   99  0.549008570165  0.048905086429
  100  0.573365237228  0.047038998318
  101  0.597545161008  0.045081956020
  102  0.621490089952  0.043047223096
  103  0.645142338627  0.040947777294
  104  0.668444926696  0.038796279987
  105  0.691341716183  0.036605065203
  106  0.713777546715  0.034386145555
  107  0.735698368413  0.032151231772
  108  0.757051372097  0.029911762099
  109  0.777785116510  0.027678937571
  110  0.797849652246  0.025463759082
  111  0.817196642082  0.023277062264
  112  0.835779477424  0.021129546477
  113  0.853553390593  0.019031794622
  114  0.870475562677  0.016994281077
  115  0.886505226681  0.015027365701
  116  0.901603765740  0.013141272634
  117  0.915734806151  0.011346053406
  118  0.928864305000  0.009651534660
  119  0.940960632174  0.008067251629
  120  0.951994646562  0.006602369173
  121  0.961939766256  0.005265592877
  122  0.970772032592  0.004065073198
  123  0.978470167866  0.003008306063
  124  0.985015626597  0.002102033556
  125  0.990392640202  0.001352148393
  126  0.994588254982  0.000763605820
  127  0.997592363336  0.000340346322
  128  0.999397728103  0.000085232129
  129  1.000000000000 -0.000000000000
