    1  1.000000000000  0.000000000000
    2  0.999962313765 -0.000004126465
    3  0.999849260677 -0.000016503711
    4  0.999660857585 -0.000037125301
    5  0.999397132566 -0.000065980511
    6  0.999058124926 -0.000103054342
    7  0.998643885189 -0.000148327542
    8  0.998154475097 -0.000201776622
    9  0.997589967596 -0.000263373883
   10  0.996950446831 -0.000333087445
   11  0.996236008133 -0.000410881285
   12  0.995446758005 -0.000496715274
   13  0.994582814111 -0.000590545217
   14  0.993644305263 -0.000692322907
   15  0.992631371396 -0.000801996173
   16  0.991544163558 -0.000919508934
   17  0.990382843885 -0.001044801262
   18  0.989147585584 -0.001177809442
   19  0.987838572907 -0.001318466041
   20  0.986456001127 -0.001466699975
   21  0.985000076514 -0.001622436588
   22  0.983471016307 -0.001785597721
   23  0.981869048685 -0.001956101798
   24  0.980194412738 -0.002133863903
   25  0.978447358434 -0.002318795867
   26  0.976628146584 -0.002510806357
   27  0.974737048811 -0.002709800961
   28  0.972774347514 -0.002915682282
   29  0.970740335824 -0.003128350030
   30  0.968635317571 -0.003347701117
   31  0.966459607241 -0.003573629752
   32  0.964213529932 -0.003806027541
   33  0.961897421313 -0.004044783580
   34  0.959511627576 -0.004289784558
   35  0.957056505389 -0.004540914856
   36  0.954532421848 -0.004798056643
   37  0.951939754427 -0.005061089982
   38  0.949278890927 -0.005329892923
   39  0.946550229420 -0.005604341607
   40  0.943754178196 -0.005884310363
   41  0.940891155705 -0.006169671807
   42  0.937961590502 -0.006460296938
   43  0.934965921185 -0.006756055236
   44  0.931904596333 -0.007056814755
   45  0.928778074446 -0.007362442216
   46  0.925586823877 -0.007672803103
   47  0.922331322773 -0.007987761747
   48  0.919012058997 -0.008307181416
   49  0.915629530071 -0.008630924405
   50  0.912184243094 -0.008958852111
   51  0.908676714682 -0.009290825122
   52  0.905107470882 -0.009626703289
   53  0.901477047108 -0.009966345808
   54  0.897785988057 -0.010309611286
   55  0.894034847634 -0.010656357814
   56  0.890224188873 -0.011006443036
   57  0.886354583855 -0.011359724206
   58  0.882426613625 -0.011716058255
   59  0.878440868108 -0.012075301844
   60  0.874397946027 -0.012437311419
   61  0.870298454809 -0.012801943261
   62  0.866143010505 -0.013169053530
   63  0.861932237695 -0.013538498313
   64  0.857666769398 -0.013910133658
   65  0.853347246980 -0.014283815615
   66  0.848974320061 -0.014659400264
   67  0.844548646418 -0.015036743748
   68  0.840070891887 -0.015415702294
   69  0.835541730271 -0.015796132238
   70  0.830961843234 -0.016177890043
   71  0.826331920205 -0.016560832313
   72  0.821652658274 -0.016944815804
   73  0.816924762088 -0.017329697436
   74  0.812148943751 -0.017715334294
   75  0.807325922712 -0.018101583633
   76  0.802456425664 -0.018488302874
   77  0.797541186433 -0.018875349607
   78  0.792580945867 -0.019262581576
   79  0.787576451730 -0.019649856677
   80  0.782528458587 -0.020037032942
   81  0.777437727693 -0.020423968530
   82  0.772305026877 -0.020810521705
   83  0.767131130430 -0.021196550824
   84  0.761916818985 -0.021581914314
   85  0.756662879404 -0.021966470651
   86  0.751370104656 -0.022350078339
   87  0.746039293702 -0.022732595883
   88  0.740671251370 -0.023113881767
   89  0.735266788236 -0.023493794424
   90  0.729826720502 -0.023872192215
   91  0.724351869871 -0.024248933395
   92  0.718843063424 -0.024623876092
   93  0.713301133496 -0.024996878273
   94  0.707726917547 -0.025367797722
   95  0.702121258037 -0.025736492010
   96  0.696485002295 -0.026102818469
   97  0.690819002396 -0.026466634167
   98  0.685124115026 -0.026827795881
   99  0.679401201351 -0.027186160076
  100  0.673651126893 -0.027541582881
  101  0.667874761387 -0.027893920068
  102  0.662072978657 -0.028243027036
  103  0.656246656479 -0.028588758789
  104  0.650396676444 -0.028930969927
  105  0.644523923827 -0.029269514629
  106  0.638629287449 -0.029604246645
  107  0.632713659540 -0.029935019290
  108  0.626777935603 -0.030261685438
  109  0.620823014274 -0.030584097522
  110  0.614849797186 -0.030902107532
  111  0.608859188828 -0.031215567030
  112  0.602852096405 -0.031524327146
  113  0.596829429698 -0.031828238601
  114  0.590792100925 -0.032127151719
  115  0.584741024596 -0.032420916447
  116  0.578677117372 -0.032709382376
  117  0.572601297927 -0.032992398778
  118  0.566514486796 -0.033269814626
  119  0.560417606242 -0.033541478643
  120  0.554311580103 -0.033807239330
  121  0.548197333655 -0.034066945020
  122  0.542075793463 -0.034320443925
  123  0.535947887236 -0.034567584184
  124  0.529814543688 -0.034808213929
  125  0.523676692382 -0.035042181342
  126  0.517535263594 -0.035269334721
  127  0.511391188163 -0.035489522552
  128  0.505245397343 -0.035702593585
  129  0.499098822660 -0.035908396912
  130  0.492952395766 -0.036106782049
  131  0.486807048286 -0.036297599024
  132  0.480663711681 -0.036480698468
  133  0.474523317094 -0.036655931710
  134  0.468386795206 -0.036823150877
  135  0.462255076090 -0.036982208993
  136  0.456129089061 -0.037132960088
  137  0.450009762535 -0.037275259304
  138  0.443898023877 -0.037408963009
  139  0.437794799259 -0.037533928912
  140  0.431701013512 -0.037650016177
  141  0.425617589980 -0.037757085551
  142  0.419545450375 -0.037854999478
  143  0.413485514630 -0.037943622229
  144  0.407438700759 -0.038022820027
  145  0.401405924707 -0.038092461176
  146  0.395388100207 -0.038152416191
  147  0.389386138638 -0.038202557926
  148  0.383400948882 -0.038242761709
  149  0.377433437179 -0.038272905476
  150  0.371484506985 -0.038292869899
  151  0.365555058833 -0.038302538521
  152  0.359645990189 -0.038301797892
  153  0.353758195313 -0.038290537695
  154  0.347892565119 -0.038268650886
  155  0.342049987037 -0.038236033817
  156  0.336231344871 -0.038192586368
  157  0.330437518668 -0.038138212076
  158  0.324669384575 -0.038072818261
  159  0.318927814707 -0.037996316146
  160  0.313213677011 -0.037908620983
  161  0.307527835130 -0.037809652165
  162  0.301871148274 -0.037699333349
  163  0.296244471084 -0.037577592561
  164  0.290648653504 -0.037444362307
  165  0.285084540647 -0.037299579679
  166  0.279552972669 -0.037143186450
  167  0.274054784640 -0.036975129175
  168  0.268590806419 -0.036795359278
  169  0.263161862523 -0.036603833139
  170  0.257768772008 -0.036400512175
  171  0.252412348341 -0.036185362913
  172  0.247093399282 -0.035958357062
  173  0.241812726760 -0.035719471574
  174  0.236571126752 -0.035468688702
  175  0.231369389167 -0.035205996048
  176  0.226208297728 -0.034931386613
  177  0.221088629856 -0.034644858828
  178  0.216011156552 -0.034346416588
  179  0.210976642289 -0.034036069274
  180  0.205985844894 -0.033713831769
  181  0.201039515441 -0.033379724465
  182  0.196138398140 -0.033033773268
  183  0.191283230230 -0.032676009589
  184  0.186474741869 -0.032306470327
  185  0.181713656032 -0.031925197854
  186  0.177000688405 -0.031532239978
  187  0.172336547281 -0.031127649908
  188  0.167721933461 -0.030711486212
  189  0.163157540155 -0.030283812756
  190  0.158644052879 -0.029844698649
  191  0.154182149360 -0.029394218170
  192  0.149772499442 -0.028932450694
  193  0.145415764989 -0.028459480602
  194  0.141112599790 -0.027975397193
  195  0.136863649476 -0.027480294579
  196  0.132669551417 -0.026974271584
  197  0.128531183965 -0.026457438382
  198  0.124471191733 -0.025931234578
  199  0.120502559146 -0.025399045686
  200  0.116623250171 -0.024863971215
  201  0.112831230380 -0.024328766364
  202  0.109124469921 -0.023795863338
  203  0.105500946298 -0.023267391968
  204  0.101958647187 -0.022745199655
  205  0.098495573503 -0.022230870592
  206  0.095109742861 -0.021725744243
  207  0.091799193541 -0.021230933045
  208  0.088561989016 -0.020747339288
  209  0.085396223077 -0.020275671138
  210  0.082300025534 -0.019816457738
  211  0.079271568450 -0.019370063365
  212  0.076309072842 -0.018936700583
  213  0.073410815736 -0.018516442366
  214  0.070575137466 -0.018109233179
  215  0.067800449076 -0.017714898987
  216  0.065085239676 -0.017333156226
  217  0.062428083602 -0.016963619747
  218  0.059827647226 -0.016605809777
  219  0.057282695267 -0.016259157969
  220  0.054792096478 -0.015923012619
  221  0.052354828566 -0.015596643135
  222  0.049969982272 -0.015279243887
  223  0.047636764510 -0.014969937525
  224  0.045354500519 -0.014667777926
  225  0.043122634998 -0.014371752855
  226  0.040940732224 -0.014080786500
  227  0.038808475164 -0.013793741962
  228  0.036725663629 -0.013509423843
  229  0.034692211536 -0.013226581001
  230  0.032708143351 -0.012943909564
  231  0.030773589806 -0.012660056279
  232  0.028888783006 -0.012373622224
  233  0.027054051006 -0.012083166939
  234  0.025269812007 -0.011787212981
  235  0.023536568247 -0.011484250899
  236  0.021854899717 -0.011172744634
  237  0.020225457790 -0.010851137305
  238  0.018648958867 -0.010517857346
  239  0.017126178114 -0.010171324964
  240  0.015657943374 -0.009809958843
  241  0.014245129304 -0.009432183072
  242  0.012888651808 -0.009036434202
  243  0.011589462783 -0.008621168415
  244  0.010348545232 -0.008184868705
  245  0.009166908749 -0.007726052048
  246  0.008045585398 -0.007243276496
  247  0.006985625976 -0.006735148136
  248  0.005988096677 -0.006200327887
  249  0.005054076126 -0.005637538077
  250  0.004184652782 -0.005045568780
  251  0.003380922674 -0.004423283868
  252  0.002643987470 -0.003769626759
  253  0.001974952816 -0.003083625839
  254  0.001374926950 -0.002364399541
  255  0.000845019527 -0.001611161067
  256  0.000386340643 -0.000823222742
  257  0.000000000000  0.000000000000
  258 -0.000311042482  0.000854531111
  259 -0.000543838223  0.001736274932
  260 -0.000697311538  0.002645457616
  261 -0.000770409021  0.003582170882
  262 -0.000762100370  0.004546370126
  263 -0.000671379353  0.005537872997
  264 -0.000497264964  0.006556358431
  265 -0.000238802798  0.007601366153
  266  0.000104933321  0.008672296644
  267  0.000534839426  0.009768411595
  268  0.001051779174  0.010888834830
  269  0.001656581286  0.012032553749
  270  0.002350036610  0.013198421272
  271  0.003132894828  0.014385158335
  272  0.004005860761  0.015591356932
  273  0.004969590293  0.016815483762
  274  0.006024685907  0.018055884485
  275  0.007171691847  0.019310788628
  276  0.008411088927  0.020578315185
  277  0.009743289015  0.021856478929
  278  0.011168629238  0.023143197481
  279  0.012687365957  0.024436299159
  280  0.014299668577  0.025733531653
  281  0.016005613262  0.027032571518
  282  0.017805176640  0.028331034534
  283  0.019698229601  0.029626486908
  284  0.021684531269  0.030916457339
  285  0.023763723281  0.032198449903
  286  0.025935324458  0.033469957739
  287  0.028198726001  0.034728477487
  288  0.030553187303  0.035971524392
  289  0.032997832491  0.037196648015
  290  0.035531647791  0.038401448430
  291  0.038153479786  0.039583592797
  292  0.040862034637  0.040740832174
  293  0.043655878311  0.041871018431
  294  0.046533437829  0.042972121103
  295  0.049493003537  0.044042244022
  296  0.052532732372  0.045079641571
  297  0.055650652049  0.046082734399
  298  0.058844666128  0.047050124424
  299  0.062112559815  0.047980609011
  300  0.065452006412  0.048873194149
  301  0.068860574264  0.049727106547
  302  0.072335734053  0.050541804517
  303  0.075874866300  0.051316987582
  304  0.079475268911  0.052052604733
  305  0.083134164620  0.052748861285
  306  0.086848708199  0.053406224318
  307  0.090615993308  0.054025426666
  308  0.094433058886  0.054607469465
  309  0.098296895016  0.055153623260
  310  0.102204448204  0.055665427676
  311  0.106152626075  0.056144689669
  312  0.110138301506  0.056593480368
  313  0.114158316257  0.057014130503
  314  0.118209484206  0.057409224442
  315  0.122288594348  0.057781592810
  316  0.126392413744  0.058134303695
  317  0.130517690680  0.058470652429
  318  0.134676176911  0.058793372187
  319  0.138889267573  0.059102703598
  320  0.143156574926  0.059398574187
  321  0.147477453825  0.059680921821
  322  0.151851251149  0.059949689922
  323  0.156277305902  0.060204827579
  324  0.160754949325  0.060446289644
  325  0.165283504998  0.060674036823
  326  0.169862288948  0.060888035764
  327  0.174490609766  0.061088259123
  328  0.179167768706  0.061274685636
  329  0.183893059804  0.061447300173
  330  0.188665769988  0.061606093785
  331  0.193485179189  0.061751063745
  332  0.198350560455  0.061882213577
  333  0.203261180067  0.061999553078
  334  0.208216297650  0.062103098330
  335  0.213215166293  0.062192871706
  336  0.218257032664  0.062268901863
  337  0.223341137124  0.062331223730
  338  0.228466713850  0.062379878487
  339  0.233632990946  0.062414913538
  340  0.238839190570  0.062436382466
  341  0.244084529047  0.062444344994
  342  0.249368216992  0.062438866929
  343  0.254689459429  0.062420020101
  344  0.260047455913  0.062387882292
  345  0.265441400651  0.062342537164
  346  0.270870482623  0.062284074174
  347  0.276333885705  0.062212588482
  348  0.281830788793  0.062128180858
  349  0.287360365923  0.062030957577
  350  0.292921786398  0.061921030313
  351  0.298514214911  0.061798516019
  352  0.304136811665  0.061663536813
  353  0.309788732505  0.061516219848
  354  0.315469129038  0.061356697182
  355  0.321177148758  0.061185105647
  356  0.326911935176  0.061001586705
  357  0.332672627940  0.060806286305
  358  0.338458362967  0.060599354741
  359  0.344268272565  0.060380946492
  360  0.350101485562  0.060151220079
  361  0.355957127432  0.059910337899
  362  0.361834320426  0.059658466073
  363  0.367732183692  0.059395774280
  364  0.373649833410  0.059122435598
  365  0.379586382918  0.058838626338
  366  0.385540942837  0.058544525878
  367  0.391512621205  0.058240316495
  368  0.397500523601  0.057926183204
  369  0.403503753277  0.057602313585
  370  0.409521411286  0.057268897618
  371  0.415552596609  0.056926127518
  372  0.421596406291  0.056574197566
  373  0.427651935565  0.056213303948
  374  0.433718277981  0.055843644586
  375  0.439794525542  0.055465418984
  376  0.445879768829  0.055078828059
  377  0.451973097136  0.054684073989
  378  0.458073598595  0.054281360055
  379  0.464180360311  0.053870890490
  380  0.470292468491  0.053452870324
  381  0.476409008578  0.053027505242
  382  0.482529065377  0.052595001439
  383  0.488651723191  0.052155565474
  384  0.494776065949  0.051709404144
  385  0.500901177340  0.051256724341
  386  0.507026140943  0.050797732927
  387  0.513150040360  0.050332636612
  388  0.519271959347  0.049861641829
  389  0.525390981946  0.049384954622
  390  0.531506192615  0.048902780531
  391  0.537616676363  0.048415324489
  392  0.543721518882  0.047922790718
  393  0.549819806674  0.047425382633
  394  0.555910627191  0.046923302750
  395  0.561993068957  0.046416752598
  396  0.568066221711  0.045905932637
  397  0.574129176529  0.045391042184
  398  0.580181025961  0.044872279337
  399  0.586220864165  0.044349840910
  400  0.592247787030  0.043823922373
  401  0.598260892318  0.043294717793
  402  0.604259279787  0.042762419782
  403  0.610242051329  0.042227219452
  404  0.616208311094  0.041689306371
  405  0.622157165629  0.041148868531
  406  0.628087724002  0.040606092307
  407  0.633999097935  0.040061162440
  408  0.639890401936  0.039514262003
  409  0.645760753427  0.038965572391
  410  0.651609272875  0.038415273303
  411  0.657435083920  0.037863542731
  412  0.663237313505  0.037310556957
  413  0.669015092005  0.036756490547
  414  0.674767553357  0.036201516356
  415  0.680493835184  0.035645805528
  416  0.686193078926  0.035089527513
  417  0.691864429969  0.034532850069
  418  0.697507037766  0.033975939284
  419  0.703120055968  0.033418959588
  420  0.708702642550  0.032862073779
  421  0.714253959934  0.032305443040
  422  0.719773175114  0.031749226966
  423  0.725259459784  0.031193583593
  424  0.730711990457  0.030638669425
  425  0.736129948590  0.030084639462
  426  0.741512520709  0.029531647236
  427  0.746858898527  0.028979844840
  428  0.752168279069  0.028429382967
  429  0.757439864790  0.027880410940
  430  0.762672863694  0.027333076748
  431  0.767866489457  0.026787527084
  432  0.773019961545  0.026243907380
  433  0.778132505326  0.025702361842
  434  0.783203352196  0.025163033486
  435  0.788231739688  0.024626064172
  436  0.793216911589  0.024091594643
  437  0.798158118060  0.023559764551
  438  0.803054615740  0.023030712498
  439  0.807905667868  0.022504576063
  440  0.812710544392  0.021981491831
  441  0.817468522076  0.021461595425
  442  0.822178884616  0.020945021533
  443  0.826840922749  0.020431903932
  444  0.831453934356  0.019922375509
  445  0.836017224576  0.019416568287
  446  0.840530105908  0.018914613442
  447  0.844991898319  0.018416641319
  448  0.849401929348  0.017922781448
  449  0.853759534206  0.017433162553
  450  0.858064055886  0.016947912565
  451  0.862314845257  0.016467158626
  452  0.866511261168  0.015991027096
  453  0.870652670546  0.015519643547
  454  0.874738448497  0.015053132771
  455  0.878767978398  0.014591618766
  456  0.882740651997  0.014135224736
  457  0.886655869507  0.013684073075
  458  0.890513039699  0.013238285356
  459  0.894311579993  0.012797982314
  460  0.898050916552  0.012363283827
  461  0.901730484373  0.011934308893
  462  0.905349727371  0.011511175607
  463  0.908908098470  0.011094001128
  464  0.912405059691  0.010682901654
  465  0.915840082232  0.010277992385
  466  0.919212646558  0.009879387487
  467  0.922522242477  0.009487200055
  468  0.925768369228  0.009101542070
  469  0.928950535555  0.008722524356
  470  0.932068259789  0.008350256534
  471  0.935121069924  0.007984846972
  472  0.938108503693  0.007626402738
  473  0.941030108644  0.007275029544
  474  0.943885442207  0.006930831698
  475  0.946674071775  0.006593912038
  476  0.949395574767  0.006264371885
  477  0.952049538696  0.005942310979
  478  0.954635561243  0.005627827418
  479  0.957153250315  0.005321017600
  480  0.959602224114  0.005021976159
  481  0.961982111198  0.004730795903
  482  0.964292550541  0.004447567749
  483  0.966533191594  0.004172380661
  484  0.968703694342  0.003905321584
  485  0.970803729359  0.003646475379
  486  0.972832977867  0.003395924762
  487  0.974791131782  0.003153750236
  488  0.976677893771  0.002920030029
  489  0.978492977299  0.002694840033
  490  0.980236106677  0.002478253735
  491  0.981907017110  0.002270342163
  492  0.983505454738  0.002071173820
  493  0.985031176681  0.001880814628
  494  0.986483951079  0.001699327868
  495  0.987863557132  0.001526774126
  496  0.989169785135  0.001363211234
  497  0.990402436518  0.001208694221
  498  0.991561323874  0.001063275263
  499  0.992646270993  0.000927003630
  500  0.993657112895  0.000799925643
  501  0.994593695853  0.000682084627
  502  0.995455877423  0.000573520874
  503  0.996243526466  0.000474271598
  504  0.996956523171  0.000384370903
  505  0.997594759076  0.000303849750
  506  0.998158137086  0.000232735922
  507  0.998646571490  0.000171054000
  508  0.999059987974  0.000118825339
  509  0.999398323639  0.000076068045
  510  0.999661527003  0.000042796954
  511  0.999849558019  0.000019023625
  512  0.999962388074  0.000004756320
  513  1.000000000000 -0.000000000000
