    1  1.000000000000  0.000000000000
    2  0.961939766256 -0.005265592877
    3  0.853553390593 -0.019031794622
    4  0.691341716183 -0.036605065203
    5  0.500000000000 -0.052310252001
    6  0.308658283817 -0.059610960258
    7  0.146446609407 -0.052898706941
    8  0.038060233744 -0.031531764522
    9  0.000000000000  0.000000000000
   10  0.038060233744  0.031531764522
   11  0.146446609407  0.052898706941
   12  0.308658283817  0.059610960258
   13  0.500000000000  0.052310252001
   14  0.691341716183  0.036605065203
   15  0.853553390593  0.019031794622
   16  0.961939766256  0.005265592877
   17  1.000000000000 -0.000000000000
