    1  1.000000000000  0.000000000000
    2  0.990392640202 -0.001352148393
    3  0.961939766256 -0.005265592877
    4  0.915734806151 -0.011346053406
    5  0.853553390593 -0.019031794622
    6  0.777785116510 -0.027678937571
    7  0.691341716183 -0.036605065203
    8  0.597545161008 -0.045081956020
    9  0.500000000000 -0.052310252001
   10  0.402454838992 -0.057430659830
   11  0.308658283817 -0.059610960258
   12  0.222214883490 -0.058201343419
   13  0.146446609407 -0.052898706941
   14  0.084265193849 -0.043835735740
   15  0.038060233744 -0.031531764522
   16  0.009607359798 -0.016703030556
   17  0.000000000000  0.000000000000
   18  0.009607359798  0.016703030556
   19  0.038060233744  0.031531764522
   20  0.084265193849  0.043835735740
   21  0.146446609407  0.052898706941
   22  0.222214883490  0.058201343419
   23  0.308658283817  0.059610960258
   24  0.402454838992  0.057430659830
   25  0.500000000000  0.052310252001
   26  0.597545161008  0.045081956020
   27  0.691341716183  0.036605065203
   28  0.777785116510  0.027678937571
   29  0.853553390593  0.019031794622
   30  0.915734806151  0.011346053406
   31  0.961939766256  0.005265592877
   32  0.990392640202  0.001352148393
   33  1.000000000000 -0.000000000000
