    1  1.000000000000  0.000000000000
    2  0.990380884622 -0.001270150810
    3  0.961888952325 -0.004922341528
    4  0.915608474854 -0.010521816083
    5  0.853306018258 -0.017455513432
    6  0.777368249930 -0.025036601567
    7  0.690714459639 -0.032566582590
    8  0.596686283436 -0.039340534241
    9  0.498918587193 -0.044624909038
   10  0.401196141850 -0.047661938652
   11  0.307301745392 -0.047742239367
   12  0.220863379129 -0.044342467084
   13  0.145209596105 -0.037273520844
   14  0.085622428923 -0.027578124380
   15  0.044135115248 -0.019528592942
   16  0.015172683205 -0.012056949755
   17  0.000000000000  0.000000000000
   18  0.004042036392  0.019440250446
   19  0.031985352240  0.042353488102
   20  0.082907958775  0.060051314528
   21  0.147683622709  0.068494962063
   22  0.223566387851  0.072028831985
   23  0.310014822243  0.071448807049
   24  0.403713536134  0.067171791061
   25  0.501081412807  0.059973236466
   26  0.598404038580  0.050807013433
   27  0.691968972726  0.040632798493
   28  0.778201983090  0.030314994879
   29  0.853800762929  0.020604860369
   30  0.915861137448  0.012168884064
   31  0.961990580187  0.005608353851
   32  0.990404395781  0.001434043770
   33  1.000000000000 -0.000000000000
