    1  1.000000000000  0.000000000000
    2  0.997592363336 -0.000340346322
    3  0.990392640202 -0.001352148393
    4  0.978470167866 -0.003008306063
    5  0.961939766256 -0.005265592877
    6  0.940960632174 -0.008067251629
    7  0.915734806151 -0.011346053406
    8  0.886505226681 -0.015027365701
    9  0.853553390593 -0.019031794622
   10  0.817196642082 -0.023277062264
   11  0.777785116510 -0.027678937571
   12  0.735698368413 -0.032151231772
   13  0.691341716183 -0.036605065203
   14  0.645142338627 -0.040947777294
   15  0.597545161008 -0.045081956020
   16  0.549008570165 -0.048905086429
   17  0.500000000000 -0.052310252001
   18  0.450991429835 -0.055188173719
   19  0.402454838992 -0.057430659830
   20  0.354857661373 -0.058935295174
   21  0.308658283817 -0.059610960258
   22  0.264301631587 -0.059383574972
   23  0.222214883490 -0.058201343419
   24  0.182803357918 -0.056038757551
   25  0.146446609407 -0.052898706941
   26  0.113494773319 -0.048812232995
   27  0.084265193849 -0.043835735740
   28  0.059039367826 -0.038045755162
   29  0.038060233744 -0.031531764522
   30  0.021529832134 -0.024387686028
   31  0.009607359798 -0.016703030556
   32  0.002407636664 -0.008554644054
   33  0.000000000000  0.000000000000
   34  0.002407636664  0.008554644054
   35  0.009607359798  0.016703030556
   36  0.021529832134  0.024387686028
   37  0.038060233744  0.031531764522
   38  0.059039367826  0.038045755162
   39  0.084265193849  0.043835735740
   40  0.113494773319  0.048812232995
   41  0.146446609407  0.052898706941
   42  0.182803357918  0.056038757551
   43  0.222214883490  0.058201343419
   44  0.264301631587  0.059383574972
   45  0.308658283817  0.059610960258
   46  0.354857661373  0.058935295174
   47  0.402454838992  0.057430659830
   48  0.450991429835  0.055188173719
   49  0.500000000000  0.052310252001
   50  0.549008570165  0.048905086429
   51  0.597545161008  0.045081956020
   52  0.645142338627  0.040947777294
   53  0.691341716183  0.036605065203
   54  0.735698368413  0.032151231772
   55  0.777785116510  0.027678937571
   56  0.817196642082  0.023277062264
   57  0.853553390593  0.019031794622
   58  0.886505226681  0.015027365701
   59  0.915734806151  0.011346053406
   60  0.940960632174  0.008067251629
   61  0.961939766256  0.005265592877
   62  0.978470167866  0.003008306063
   63  0.990392640202  0.001352148393
   64  0.997592363336  0.000340346322
   65  1.000000000000 -0.000000000000
