    1  1.000000000000  0.000000000000
    2  0.999849230943 -0.000020056445
    3  0.999397013459 -0.000080185366
    4  0.998643616559 -0.000180265697
    5  0.997589488449 -0.000320096246
    6  0.996235256299 -0.000499396574
    7  0.994581725937 -0.000717808201
    8  0.992629881436 -0.000974896153
    9  0.990380884622 -0.001270150810
   10  0.987836074484 -0.001602990057
   11  0.984996966497 -0.001972761710
   12  0.981865251843 -0.002378746194
   13  0.978442796547 -0.002820159457
   14  0.974731640514 -0.003296156081
   15  0.970733996470 -0.003805832571
   16  0.966452248805 -0.004348230794
   17  0.961888952325 -0.004922341528
   18  0.957046830896 -0.005527108101
   19  0.951928776001 -0.006161430078
   20  0.946537845185 -0.006824166971
   21  0.940877260411 -0.007514141942
   22  0.934950406311 -0.008230145457
   23  0.928760828335 -0.008970938874
   24  0.922312230802 -0.009735257927
   25  0.915608474854 -0.010521816083
   26  0.908653576303 -0.011329307746
   27  0.901451703381 -0.012156411278
   28  0.894007174398 -0.013001791827
   29  0.886324455290 -0.013864103934
   30  0.878408157079 -0.014741993905
   31  0.870263033235 -0.015634101942
   32  0.861893976939 -0.016539064007
   33  0.853306018258 -0.017455513432
   34  0.844504321227 -0.018382082254
   35  0.835494180840 -0.019317402290
   36  0.826281019951 -0.020260105937
   37  0.816870386089 -0.021208826722
   38  0.807267948197 -0.022162199602
   39  0.797479493270 -0.023118861023
   40  0.787510922935 -0.024077448762
   41  0.777368249930 -0.025036601567
   42  0.767057594527 -0.025994958615
   43  0.756585180865 -0.026951158810
   44  0.745957333220 -0.027903839956
   45  0.735180472201 -0.028851637813
   46  0.724261110879 -0.029793185094
   47  0.713205850852 -0.030727110404
   48  0.702021378243 -0.031652037169
   49  0.690714459639 -0.032566582590
   50  0.679291937968 -0.033469356636
   51  0.667760728325 -0.034358961130
   52  0.656127813735 -0.035233988941
   53  0.644400240867 -0.036093023331
   54  0.632585115701 -0.036934637463
   55  0.620689599139 -0.037757394127
   56  0.608720902578 -0.038559845678
   57  0.596686283436 -0.039340534241
   58  0.584593040639 -0.040097992182
   59  0.572448510067 -0.040830742874
   60  0.560260059970 -0.041537301767
   61  0.548035086353 -0.042216177786
   62  0.535781008324 -0.042865875051
   63  0.523505263425 -0.043484894938
   64  0.511215302943 -0.044071738468
   65  0.498918587193 -0.044624909038
   66  0.486622580796 -0.045142915474
   67  0.474334747946 -0.045624275405
   68  0.462062547668 -0.046067518942
   69  0.449813429075 -0.046471192634
   70  0.437594826631 -0.046833863701
   71  0.425414155422 -0.047154124501
   72  0.413278806432 -0.047430597203
   73  0.401196141850 -0.047661938652
   74  0.389173490382 -0.047846845368
   75  0.377218142605 -0.047984058658
   76  0.365337346347 -0.048072369801
   77  0.353538302101 -0.048110625255
   78  0.341828158484 -0.048097731848
   79  0.330214007741 -0.048032661914
   80  0.318702881302 -0.047914458326
   81  0.307301745392 -0.047742239367
   82  0.296017496702 -0.047515203419
   83  0.284856958119 -0.047232633404
   84  0.273826874534 -0.046893900940
   85  0.262933908710 -0.046498470169
   86  0.252184637232 -0.046045901215
   87  0.241585546531 -0.045535853231
   88  0.231143028989 -0.044968087007
   89  0.220863379129 -0.044342467084
   90  0.210752789888 -0.043658963372
   91  0.200817348978 -0.042917652219
   92  0.191063035334 -0.042118716922
   93  0.181495715655 -0.041262447657
   94  0.172121141032 -0.040349240811
   95  0.162944943671 -0.039379597713
   96  0.153972633706 -0.038354122745
   97  0.145209596105 -0.037273520844
   98  0.136661087666 -0.036138594397
   99  0.128332533293 -0.034950247463
  100  0.120323955625 -0.033717109536
  101  0.112698521792 -0.032463056051
  102  0.105435778321 -0.031208600132
  103  0.098515441352 -0.029969319978
  104  0.091917513564 -0.028756569016
  105  0.085622428923 -0.027578124380
  106  0.079611238665 -0.026438768460
  107  0.073865839883 -0.025340797257
  108  0.068369238002 -0.024284449786
  109  0.063105826757 -0.023268255162
  110  0.058061664440 -0.022289298168
  111  0.053224723591 -0.021343409292
  112  0.048585092982 -0.020425290557
  113  0.044135115248 -0.019528592942
  114  0.039869450080 -0.018645963907
  115  0.035785060362 -0.017769084091
  116  0.031881125827 -0.016888710597
  117  0.028158894780 -0.015994740785
  118  0.024621488477 -0.015076305905
  119  0.021273674668 -0.014121898928
  120  0.018121626741 -0.013119536323
  121  0.015172683205 -0.012056949755
  122  0.012435119578 -0.010921801090
  123  0.009917941496 -0.009701912628
  124  0.007630704631 -0.008385504109
  125  0.005583364019 -0.006961428500
  126  0.003786152877 -0.005419399555
  127  0.002249489000 -0.003750205511
  128  0.000983905302 -0.001945904667
  129  0.000000000000  0.000000000000
  130 -0.000682723998  0.002071018532
  131 -0.001044945205  0.004248750554
  132 -0.001076609556  0.006533988684
  133 -0.000768090691  0.008925256575
  134 -0.000110239229  0.011418767568
  135  0.000905548539  0.014008414329
  136  0.002287238033  0.016685791010
  137  0.004042036392  0.019440250446
  138  0.006176243221  0.022258999987
  139  0.008695072138  0.025127240553
  140  0.011602445728  0.028028354165
  141  0.014900769488  0.030944145364
  142  0.018590693580  0.033855141227
  143  0.022670874455  0.036740952993
  144  0.027137751085  0.039580699432
  145  0.031985352240  0.042353488102
  146  0.037205151314  0.045038945829
  147  0.042785983285  0.047617784588
  148  0.048714034364  0.050072384221
  149  0.054972908894  0.052387369813
  150  0.061543770889  0.054550159811
  151  0.068405550117  0.056551461438
  152  0.075535196085  0.058385692677
  153  0.082907958775  0.060051314528
  154  0.090497673284  0.061551062637
  155  0.098277027167  0.062892072645
  156  0.106217794053  0.064085897833
  157  0.114291024845  0.065148420190
  158  0.122467197868  0.066099656659
  159  0.130716341352  0.066963461510
  160  0.139091829383  0.067761003416
  161  0.147683622709  0.068494962063
  162  0.156486821557  0.069164732154
  163  0.165496101482  0.069769821781
  164  0.174706016014  0.070309850026
  165  0.184111000181  0.070784549975
  166  0.193705374085  0.071193771078
  167  0.203483346529  0.071537480832
  168  0.213439018694  0.071815765804
  169  0.223566387851  0.072028831985
  170  0.233859351124  0.072177004496
  171  0.244311709276  0.072260726651
  172  0.254917170538  0.072280558402
  173  0.265669354464  0.072237174195
  174  0.276561795811  0.072131360247
  175  0.287587948451  0.071964011303
  176  0.298741189293  0.071736126877
  177  0.310014822243  0.071448807049
  178  0.321402082163  0.071103247826
  179  0.332896138867  0.070700736144
  180  0.344490101117  0.070242644523
  181  0.356177020644  0.069730425459
  182  0.367949896178  0.069165605560
  183  0.379801677492  0.068549779520
  184  0.391725269462  0.067884603937
  185  0.403713536134  0.067171791061
  186  0.415759304807  0.066413102493
  187  0.427855370123  0.065610342898
  188  0.439994498170  0.064765353773
  189  0.452169430596  0.063880007318
  190  0.464372888733  0.062956200438
  191  0.476597577727  0.061995848938
  192  0.488836190681  0.061000881924
  193  0.501081412807  0.059973236466
  194  0.513325925580  0.058914852528
  195  0.525562410902  0.057827668218
  196  0.537783555276  0.056713615356
  197  0.549982053976  0.055574615399
  198  0.562150615229  0.054412575722
  199  0.574281964389  0.053229386280
  200  0.586368848121  0.052026916646
  201  0.598404038580  0.050807013433
  202  0.610380337579  0.049571498100
  203  0.622290580765  0.048322165136
  204  0.634127641774  0.047060780613
  205  0.645884436387  0.045789081093
  206  0.657553926664  0.044508772883
  207  0.669129125067  0.043221531609
  208  0.680603098567  0.041929002089
  209  0.691968972726  0.040632798493
  210  0.703219935762  0.039334504748
  211  0.714349242578  0.038035675171
  212  0.725350218775  0.036737835292
  213  0.736216264625  0.035442482851
  214  0.746940859010  0.034151088913
  215  0.757517563328  0.032865099099
  216  0.767940025360  0.031585934875
  217  0.778201983090  0.030314994879
  218  0.788297268483  0.029053656257
  219  0.798219811222  0.027803275967
  220  0.807963642384  0.026565192032
  221  0.817522898074  0.025340724711
  222  0.826891823003  0.024131177556
  223  0.836064774007  0.022937838340
  224  0.845036223510  0.021761979826
  225  0.853800762929  0.020604860369
  226  0.862353106013  0.019467724320
  227  0.870688092120  0.018351802228
  228  0.878800689427  0.017258310827
  229  0.886685998073  0.016188452803
  230  0.894339253228  0.015143416327
  231  0.901755828099  0.014124374364
  232  0.908931236849  0.013132483753
  233  0.915861137448  0.012168884064
  234  0.922541334447  0.011234696235
  235  0.928967781666  0.010331021014
  236  0.935136584798  0.009458937193
  237  0.941044003937  0.008619499680
  238  0.946686456011  0.007813737402
  239  0.952060517123  0.007042651075
  240  0.957162924807  0.006307210845
  241  0.961990580187  0.005608353851
  242  0.966540550029  0.004946981703
  243  0.970810068713  0.004323957920
  244  0.974796540079  0.003740105355
  245  0.978497539185  0.003196203623
  246  0.981910813953  0.002692986559
  247  0.985034286698  0.002231139750
  248  0.987866055554  0.001811298142
  249  0.990404395781  0.001434043770
  250  0.992647760953  0.001099903611
  251  0.994594784028  0.000809347612
  252  0.996244278299  0.000562786886
  253  0.997595238224  0.000360572113
  254  0.998646840120  0.000202992154
  255  0.999398442746  0.000090272900
  256  0.999849587753  0.000022576359
  257  1.000000000000 -0.000000000000
