    1  1.000000000000  0.000000000000
    2  0.999849409348 -0.000021317148
    3  0.999397728103 -0.000085232129
    4  0.998645228339 -0.000191635704
    5  0.997592363336 -0.000340346322
    6  0.996239767299 -0.000531110887
    7  0.994588254982 -0.000763605820
    8  0.992638821194 -0.001037438400
    9  0.990392640202 -0.001352148393
   10  0.987851065019 -0.001707209915
   11  0.985015626597 -0.002102033556
   12  0.981888032898 -0.002535968702
   13  0.978470167866 -0.003008306063
   14  0.974764090297 -0.003518280367
   15  0.970772032592 -0.004065073198
   16  0.966496399417 -0.004647815951
   17  0.961939766256 -0.005265592877
   18  0.957104877852 -0.005917444185
   19  0.951994646562 -0.006602369173
   20  0.946612150598 -0.007319329369
   21  0.940960632174 -0.008067251629
   22  0.935043495554 -0.008845031196
   23  0.928864305000 -0.009651534660
   24  0.922426782625 -0.010485602821
   25  0.915734806151 -0.011346053406
   26  0.908792406576 -0.012231683641
   27  0.901603765740 -0.013141272634
   28  0.894173213813 -0.014073583573
   29  0.886505226681 -0.015027365701
   30  0.878604423253 -0.016001356072
   31  0.870475562677 -0.016994281077
   32  0.862123541476 -0.018004857714
   33  0.853553390593 -0.019031794622
   34  0.844770272369 -0.020073792867
   35  0.835779477424 -0.021129546477
   36  0.826586421477 -0.022197742737
   37  0.817196642082 -0.023277062264
   38  0.807615795290 -0.024366178844
   39  0.797849652246 -0.025463759082
   40  0.787904095709 -0.026568461848
   41  0.777785116510 -0.027678937571
   42  0.767498809944 -0.028793827374
   43  0.757051372097 -0.029911762099
   44  0.746449096115 -0.031031361233
   45  0.735698368413 -0.032151231772
   46  0.724805664827 -0.033269967049
   47  0.713777546715 -0.034386145555
   48  0.702620657002 -0.035498329797
   49  0.691341716183 -0.036605065203
   50  0.679947518267 -0.037704879129
   51  0.668444926696 -0.038796279987
   52  0.656840870199 -0.039877756524
   53  0.645142338627 -0.040947777294
   54  0.633356378737 -0.042004790335
   55  0.621490089952 -0.043047223096
   56  0.609550620078 -0.044073482619
   57  0.597545161008 -0.045081956020
   58  0.585480944380 -0.046071011273
   59  0.573365237228 -0.047038998318
   60  0.561205337600 -0.047984250513
   61  0.549008570165 -0.048905086429
   62  0.536782281800 -0.049799812008
   63  0.524533837164 -0.050666723076
   64  0.512270614261 -0.051504108217
   65  0.500000000000 -0.052310252001
   66  0.487729385739 -0.053083438554
   67  0.475466162836 -0.053821955469
   68  0.463217718200 -0.054524098028
   69  0.450991429835 -0.055188173719
   70  0.438794662400 -0.055812507031
   71  0.426634762772 -0.056395444490
   72  0.414519055620 -0.056935359911
   73  0.402454838992 -0.057430659830
   74  0.390449379922 -0.057879789078
   75  0.378509910048 -0.058281236459
   76  0.366643621263 -0.058633540494
   77  0.354857661373 -0.058935295174
   78  0.343159129801 -0.059185155694
   79  0.331555073304 -0.059381844115
   80  0.320052481733 -0.059524154893
   81  0.308658283817 -0.059610960258
   82  0.297379342998 -0.059641215361
   83  0.286222453285 -0.059613963166
   84  0.275194335173 -0.059528339039
   85  0.264301631587 -0.059383574972
   86  0.253550903885 -0.059179003421
   87  0.242948627903 -0.058914060705
   88  0.232501190056 -0.058588289933
   89  0.222214883490 -0.058201343419
   90  0.212095904291 -0.057752984563
   91  0.202150347754 -0.057243089157
   92  0.192384204710 -0.056671646109
   93  0.182803357918 -0.056038757551
   94  0.173413578523 -0.055344638321
   95  0.164220522576 -0.054589614814
   96  0.155229727631 -0.053774123190
   97  0.146446609407 -0.052898706941
   98  0.137876458524 -0.051964013825
   99  0.129524437323 -0.050970792170
  100  0.121395576747 -0.049919886571
  101  0.113494773319 -0.048812232995
  102  0.105826786187 -0.047648853320
  103  0.098396234260 -0.046430849338
  104  0.091207593424 -0.045159396257
  105  0.084265193849 -0.043835735740
  106  0.077573217375 -0.042461168526
  107  0.071135695000 -0.041037046673
  108  0.064956504446 -0.039564765485
  109  0.059039367826 -0.038045755162
  110  0.053387849402 -0.036481472237
  111  0.048005353438 -0.034873390861
  112  0.042895122148 -0.033222993987
  113  0.038060233744 -0.031531764522
  114  0.033503600583 -0.029801176499
  115  0.029227967408 -0.028032686345
  116  0.025235909703 -0.026227724297
  117  0.021529832134 -0.024387686028
  118  0.018111967102 -0.022513924546
  119  0.014984373403 -0.020607742426
  120  0.012148934981 -0.018670384429
  121  0.009607359798 -0.016703030556
  122  0.007361178806 -0.014706789600
  123  0.005411745018 -0.012682693239
  124  0.003760232701 -0.010631690699
  125  0.002407636664 -0.008554644054
  126  0.001354771661 -0.006452324172
  127  0.000602271897 -0.004325407346
  128  0.000150590652 -0.002174472649
  129  0.000000000000  0.000000000000
  130  0.000150590652  0.002174472649
  131  0.000602271897  0.004325407346
  132  0.001354771661  0.006452324172
  133  0.002407636664  0.008554644054
  134  0.003760232701  0.010631690699
  135  0.005411745018  0.012682693239
  136  0.007361178806  0.014706789600
  137  0.009607359798  0.016703030556
  138  0.012148934981  0.018670384429
  139  0.014984373403  0.020607742426
  140  0.018111967102  0.022513924546
  141  0.021529832134  0.024387686028
  142  0.025235909703  0.026227724297
  143  0.029227967408  0.028032686345
  144  0.033503600583  0.029801176499
  145  0.038060233744  0.031531764522
  146  0.042895122148  0.033222993987
  147  0.048005353438  0.034873390861
  148  0.053387849402  0.036481472237
  149  0.059039367826  0.038045755162
  150  0.064956504446  0.039564765485
  151  0.071135695000  0.041037046673
  152  0.077573217375  0.042461168526
  153  0.084265193849  0.043835735740
  154  0.091207593424  0.045159396257
  155  0.098396234260  0.046430849338
  156  0.105826786187  0.047648853320
  157  0.113494773319  0.048812232995
  158  0.121395576747  0.049919886571
  159  0.129524437323  0.050970792170
  160  0.137876458524  0.051964013825
  161  0.146446609407  0.052898706941
  162  0.155229727631  0.053774123190
  163  0.164220522576  0.054589614814
  164  0.173413578523  0.055344638321
  165  0.182803357918  0.056038757551
  166  0.192384204710  0.056671646109
  167  0.202150347754  0.057243089157
  168  0.212095904291  0.057752984563
  169  0.222214883490  0.058201343419
  170  0.232501190056  0.058588289933
  171  0.242948627903  0.058914060705
  172  0.253550903885  0.059179003421
  173  0.264301631587  0.059383574972
  174  0.275194335173  0.059528339039
  175  0.286222453285  0.059613963166
  176  0.297379342998  0.059641215361
  177  0.308658283817  0.059610960258
  178  0.320052481733  0.059524154893
  179  0.331555073304  0.059381844115
  180  0.343159129801  0.059185155694
  181  0.354857661373  0.058935295174
  182  0.366643621263  0.058633540494
  183  0.378509910048  0.058281236459
  184  0.390449379922  0.057879789078
  185  0.402454838992  0.057430659830
  186  0.414519055620  0.056935359911
  187  0.426634762772  0.056395444490
  188  0.438794662400  0.055812507031
  189  0.450991429835  0.055188173719
  190  0.463217718200  0.054524098028
  191  0.475466162836  0.053821955469
  192  0.487729385739  0.053083438554
  193  0.500000000000  0.052310252001
  194  0.512270614261  0.051504108217
  195  0.524533837164  0.050666723076
  196  0.536782281800  0.049799812008
  197  0.549008570165  0.048905086429
  198  0.561205337600  0.047984250513
  199  0.573365237228  0.047038998318
  200  0.585480944380  0.046071011273
  201  0.597545161008  0.045081956020
  202  0.609550620078  0.044073482619
  203  0.621490089952  0.043047223096
  204  0.633356378737  0.042004790335
  205  0.645142338627  0.040947777294
  206  0.656840870199  0.039877756524
  207  0.668444926696  0.038796279987
  208  0.679947518267  0.037704879129
  209  0.691341716183  0.036605065203
  210  0.702620657002  0.035498329797
  211  0.713777546715  0.034386145555
  212  0.724805664827  0.033269967049
  213  0.735698368413  0.032151231772
  214  0.746449096115  0.031031361233
  215  0.757051372097  0.029911762099
  216  0.767498809944  0.028793827374
  217  0.777785116510  0.027678937571
  218  0.787904095709  0.026568461848
  219  0.797849652246  0.025463759082
  220  0.807615795290  0.024366178844
  221  0.817196642082  0.023277062264
  222  0.826586421477  0.022197742737
  223  0.835779477424  0.021129546477
  224  0.844770272369  0.020073792867
  225  0.853553390593  0.019031794622
  226  0.862123541476  0.018004857714
  227  0.870475562677  0.016994281077
  228  0.878604423253  0.016001356072
  229  0.886505226681  0.015027365701
  230  0.894173213813  0.014073583573
  231  0.901603765740  0.013141272634
  232  0.908792406576  0.012231683641
  233  0.915734806151  0.011346053406
  234  0.922426782625  0.010485602821
  235  0.928864305000  0.009651534660
  236  0.935043495554  0.008845031196
  237  0.940960632174  0.008067251629
  238  0.946612150598  0.007319329369
  239  0.951994646562  0.006602369173
  240  0.957104877852  0.005917444185
  241  0.961939766256  0.005265592877
  242  0.966496399417  0.004647815951
  243  0.970772032592  0.004065073198
  244  0.974764090297  0.003518280367
  245  0.978470167866  0.003008306063
  246  0.981888032898  0.002535968702
  247  0.985015626597  0.002102033556
  248  0.987851065019  0.001707209915
  249  0.990392640202  0.001352148393
  250  0.992638821194  0.001037438400
  251  0.994588254982  0.000763605820
  252  0.996239767299  0.000531110887
  253  0.997592363336  0.000340346322
  254  0.998645228339  0.000191635704
  255  0.999397728103  0.000085232129
  256  0.999849409348  0.000021317148
  257  1.000000000000 -0.000000000000
